AoA =[[ 5.  5.  5.  5.  5.  5.  5.  5.  5.  5.]
 [ 6.  6.  6.  6.  6.  6.  6.  6.  6.  6.]
 [ 7.  7.  7.  7.  7.  7.  7.  7.  7.  7.]
 [ 8.  8.  8.  8.  8.  8.  8.  8.  8.  8.]
 [ 9.  9.  9.  9.  9.  9.  9.  9.  9.  9.]
 [10. 10. 10. 10. 10. 10. 10. 10. 10. 10.]
 [11. 11. 11. 11. 11. 11. 11. 11. 11. 11.]
 [12. 12. 12. 12. 12. 12. 12. 12. 12. 12.]
 [13. 13. 13. 13. 13. 13. 13. 13. 13. 13.]
 [14. 14. 14. 14. 14. 14. 14. 14. 14. 14.]
 [15. 15. 15. 15. 15. 15. 15. 15. 15. 15.]
 [16. 16. 16. 16. 16. 16. 16. 16. 16. 16.]]
 
 lambdat =[[1.5   1.75  1.875 2.    2.125 2.25  2.375 2.5   2.75  3.   ]
 [1.5   1.75  1.875 2.    2.125 2.25  2.375 2.5   2.75  3.   ]
 [1.5   1.75  1.875 2.    2.125 2.25  2.375 2.5   2.75  3.   ]
 [1.5   1.75  1.875 2.    2.125 2.25  2.375 2.5   2.75  3.   ]
 [1.5   1.75  1.875 2.    2.125 2.25  2.375 2.5   2.75  3.   ]
 [1.5   1.75  1.875 2.    2.125 2.25  2.375 2.5   2.75  3.   ]
 [1.5   1.75  1.875 2.    2.125 2.25  2.375 2.5   2.75  3.   ]
 [1.5   1.75  1.875 2.    2.125 2.25  2.375 2.5   2.75  3.   ]
 [1.5   1.75  1.875 2.    2.125 2.25  2.375 2.5   2.75  3.   ]
 [1.5   1.75  1.875 2.    2.125 2.25  2.375 2.5   2.75  3.   ]
 [1.5   1.75  1.875 2.    2.125 2.25  2.375 2.5   2.75  3.   ]
 [1.5   1.75  1.875 2.    2.125 2.25  2.375 2.5   2.75  3.   ]]
 
 CL =[[0.6892628  0.68631994 0.684585   0.68257215 0.6808357  0.67902813
  0.67728735 0.67556766 0.67215256 0.6688589 ]
 [0.75911816 0.75648526 0.75484984 0.75309155 0.75142413 0.74981049
  0.74822756 0.74661656 0.74342722 0.7402949 ]
 [0.82866892 0.82638193 0.82491327 0.82324606 0.82180313 0.82026988
  0.81882992 0.81732891 0.81432242 0.81135517]
 [0.89792207 0.89586963 0.89462052 0.89312966 0.8917473  0.89041408
  0.88906401 0.88768781 0.8848454  0.88203951]
 [0.96665572 0.96483106 0.96372794 0.96248536 0.96121457 0.95998016
  0.95878697 0.9575131  0.95486301 0.95225187]
 [1.03499272 1.03340937 1.03260205 1.03144631 1.03037904 1.029178
  1.02807714 1.02687561 1.02443864 1.02198641]
 [1.10289537 1.10142762 1.10073259 1.09973414 1.09876429 1.09769155
  1.09674472 1.09563968 1.09347187 1.09124953]
 [1.17086974 1.16904964 1.16832532 1.1674385  1.16639044 1.16555909
  1.16462578 1.16375933 1.16186366 1.15991302]
 [1.23875753 1.23658408 1.23574636 1.23473391 1.23375694 1.2329178
  1.23213726 1.23140872 1.22981743 1.22816945]
 [1.30659902 1.30426293 1.30328167 1.3023216  1.30138776 1.30044376
  1.29969979 1.29897967 1.29756525 1.29617955]
 [1.37425302 1.37162649 1.37066238 1.36962375 1.36861303 1.36781973
  1.36714216 1.36636506 1.36503397 1.36379709]
 [1.44130684 1.43857572 1.43750207 1.43649575 1.43553469 1.43468385
  1.4339476  1.43331092 1.43206757 1.4309831 ]]
 
 CDi =[[0.02505409 0.02532669 0.02552529 0.02577643 0.02605004 0.02630943
  0.02655446 0.02681066 0.02731926 0.0278271 ]
 [0.03104439 0.03134532 0.03156745 0.03185294 0.0321505  0.03243431
  0.03270906 0.03299198 0.03357008 0.0341491 ]
 [0.03765542 0.03797423 0.03822268 0.03854718 0.03887555 0.03917275
  0.03948399 0.03979893 0.04044627 0.04109603]
 [0.04485895 0.04521755 0.04546954 0.04584197 0.04618778 0.04653231
  0.0468722  0.04721561 0.04793461 0.04866019]
 [0.05269144 0.05306981 0.05335403 0.05375878 0.05412452 0.05449353
  0.05486589 0.05524267 0.05602838 0.05682737]
 [0.06111597 0.0615245  0.06183676 0.06226569 0.06266589 0.06305065
  0.06345497 0.0638656  0.06472204 0.0655812 ]
 [0.07013932 0.07057143 0.07091737 0.07137156 0.07181071 0.07221645
  0.07264872 0.07308207 0.07400163 0.07492045]
 [0.07972079 0.0802106  0.08057292 0.08105383 0.08150638 0.08195946
  0.08240144 0.08287054 0.08384033 0.08480634]
 [0.08988577 0.09041399 0.09082427 0.09130787 0.09179122 0.092271
  0.09273095 0.09322477 0.09422173 0.09524631]
 [0.10062311 0.10118212 0.10160576 0.10210287 0.10260997 0.1031081
  0.10360153 0.10410036 0.10514771 0.10621608]
 [0.11191456 0.11249663 0.11292817 0.11343964 0.11395951 0.11446339
  0.11497263 0.11550943 0.11657097 0.11768912]
 [0.12375859 0.12434615 0.12480781 0.12531662 0.12583647 0.12636017
  0.12689131 0.1274221  0.12852659 0.1296525 ]]
 
 CPt =[[0.11978229 0.12675351 0.12562144 0.12126223 0.11366231 0.10530181
  0.09514745 0.08285331 0.05160559 0.01162985]
 [0.12089455 0.12778577 0.12685119 0.12189147 0.11443448 0.10612855
  0.09593221 0.08366638 0.0521652  0.01203684]
 [0.12181392 0.12866708 0.12801604 0.12236981 0.11514078 0.1068147
  0.09655902 0.08434459 0.05260941 0.01239053]
 [0.12253369 0.12930012 0.12900531 0.12276863 0.11570586 0.10741226
  0.09711091 0.08488165 0.05305742 0.01269928]
 [0.12305516 0.12975429 0.12961719 0.12320399 0.11624851 0.10793885
  0.0975194  0.08533473 0.05347087 0.01299427]
 [0.12334811 0.13011676 0.13000893 0.12365884 0.11662583 0.10829526
  0.0979253  0.08572124 0.05383335 0.0132868 ]
 [0.12343461 0.1303651  0.13008658 0.12411717 0.11691357 0.10860497
  0.09827945 0.08602036 0.0541278  0.01358462]
 [0.12330666 0.13041667 0.12979987 0.12455626 0.11714956 0.1087907
  0.09849237 0.08622065 0.05440069 0.01384972]
 [0.12298728 0.13028874 0.12942653 0.12495395 0.11723696 0.10890495
  0.09864606 0.08625897 0.05458123 0.01404898]
 [0.12245201 0.12998902 0.12900498 0.125079   0.11733607 0.10889217
  0.09864456 0.08622544 0.05473448 0.01422049]
 [0.12166719 0.12949191 0.12847665 0.12483728 0.11740675 0.10877182
  0.09855398 0.08616215 0.05482297 0.01432533]
 [0.12063222 0.12882294 0.12784876 0.12433243 0.11736472 0.10861182
  0.09836244 0.0859945  0.05481435 0.01440471]]
 
 CTt =[[0.14529325 0.14882792 0.14542662 0.13859594 0.12849938 0.11812011
  0.10622392 0.09247234 0.05944585 0.01983543]
 [0.14645531 0.14994927 0.14681498 0.13921808 0.12931633 0.11901006
  0.10708579 0.09338444 0.06012478 0.02043111]
 [0.1473994  0.1508672  0.14813134 0.13965054 0.13003792 0.11971789
  0.10774321 0.09411661 0.06064668 0.02091962]
 [0.14811616 0.15146961 0.14922371 0.13998245 0.13058255 0.12030806
  0.10828981 0.09466317 0.06113137 0.02131047]
 [0.14859913 0.15183296 0.14981863 0.14034736 0.13108569 0.12079309
  0.10864945 0.09508499 0.06154    0.02163276]
 [0.14881659 0.15212051 0.15013071 0.14073373 0.13138123 0.12106737
  0.10898771 0.09540719 0.06185432 0.02189828]
 [0.14878741 0.15227875 0.15002672 0.1411182  0.13155293 0.12127174
  0.10924288 0.09560545 0.0620575  0.02211504]
 [0.14850653 0.15217468 0.14944431 0.1414724  0.13165045 0.12131022
  0.10930971 0.09566179 0.06219698 0.02224649]
 [0.14800487 0.15182306 0.1487584  0.14175841 0.13155767 0.12124796
  0.1092878  0.09550714 0.0622024  0.02226061]
 [0.14726873 0.15126037 0.14802152 0.14171138 0.13146076 0.12102009
  0.10906587 0.09524558 0.06214156 0.0221938 ]
 [0.14627468 0.1504716  0.14717335 0.14121714 0.13132064 0.1206539
  0.1087271  0.09492648 0.06197007 0.02200882]
 [0.1450269  0.1494785  0.1462125  0.14039613 0.13104149 0.12022266
  0.10824735 0.09446493 0.06165756 0.02175123]]